Station  Lat(+N,deg)  Lon(+E,deg)  E Displacement  N Displacement  V Displacement  Sigma E  Sigma N  Sigma U 
PAIT      -4.2877      -56.0364      0.53616045      -6.50400073      -11.37717783      1.07951613      0.89774194      4.13548387
CUIB      -15.5553      -56.0699      -2.98271557      16.91723159      -4.38442138      0.84029032      0.71532258      3.19729032
IMBT      -28.2348      -48.6557      -7.64331565      31.25699263      -3.79162238      0.79129032      0.83558065      3.462
TIL2      -23.5771      -65.3951      -11.6404631      -20.09148005      -4.03000278      0.85474194      0.76696774      3.5376129
QUI3      -0.1396      -78.4673      4.94688104      -43.30180503      -3.48276866      0.75293548      0.66522581      2.77522581
PWIL      -54.9322      -67.6304      -22.57959161      -29.10135145      4.82376307      0.66227586      0.96737931      2.82527586
UFPR      -25.4484      -49.231      -2.66740917      16.85709639      1.67661973      0.77241935      0.80196774      3.54622581
UYPT      -32.8006      -56.5098      7.08103443      -33.18092574      -4.65449259      0.81612903      0.92996774      3.64464516
GGUA      -33.151      -59.3138      5.26380017      -40.95289533      -8.72016064      0.70003226      0.80206452      2.9653871
QUI4      -0.1396      -78.4673      4.09201367      -43.82989993      -2.21979706      0.75909677      0.66393548      2.77758065
SCTC      -21.9482      -66.0504      3.30489342      7.51249366      -0.85584862      0.94625806      0.86212903      4.11893548
FALK      -51.6937      -57.8741      -0.2162436      -0.00077822      1.83337282      0.71212903      1.01116129      3.16545161
PRMA      -23.4097      -51.9384      -0.06229448      7.2793946      -2.6780588      1.13203226      0.95422581      4.98935484
LTAC      -18.0507      -70.2773      -9.52073483      -10.25647212      5.60175572      1.579375      1.4225625      6.3511875
UYCL      -32.3657      -54.214      7.56989301      -35.05533879      -3.40299197      0.80283871      0.90129032      3.54777419
CN40      12.18      -68.958      -17.62503621      -17.58555972      -1.38094972      0.85577419      0.71558065      3.44141935
SUAR      -37.4585      -61.9313      1.37969389      -13.10974806      -4.96693302      0.90954839      1.09219355      4.40090323
CSQM      -23.4255      -66.3866      4.7354678      8.37525396      -4.39679351      0.84709677      0.83041935      3.72306452
POVE      -8.7093      -63.8963      -1.92930931      13.5356601      -15.08546345      0.77125806      0.67503226      2.92919355
IAC1      -18.4797      -70.3329      -26.69199794      -26.65859637      0.99517111      0.78251613      0.7336129      3.21122581
UYDU      -33.3159      -55.6024      9.01283982      -20.34898921      -6.07803762      0.77333333      0.904      3.38848148
MSNV      -23.022      -54.1921      12.08095102      -49.85757275      -11.32801618      0.72303226      0.71580645      3.00277419
MTV1      -34.9136      -56.1763      8.53653081      -38.65876777      -2.83851294      0.71554839      0.84487097      3.1006129
SCLA      -27.7928      -50.3043      -1.56052667      7.14234253      -2.21758605      0.73519355      0.75493548      3.05251613
PVCA      -30.2675      -71.6232      18.26515783      -54.68935825      -6.8700916      0.73448387      0.79348387      3.11854839
ASEC      -0.4973      -78.1704      4.20087794      0.20192949      -4.05135872      0.83970968      0.73758065      3.31006452
CN19      12.6118      -70.0485      -31.63157413      -29.06736744      1.08684707      0.80490323      0.67354839      3.04022581
SPC1      -22.8163      -47.0627      3.33245881      -14.76270714      0.47505636      0.8196129      0.77493548      3.51045161
DORE      -36.3151      -57.681      6.02657661      -27.99943399      -4.75734883      0.70033333      0.84026667      2.9131
PASM      -2.428      -54.7289      13.0572006      -37.8132131      -24.38997282      0.79916667      0.72166667      3.07058333
UTAR      -18.4906      -70.2965      0.68680715      0.45781756      -3.2563931      0.82067742      0.71629032      3.37325806
SPAR      -21.1847      -50.4398      1.37502443      -9.22856027      -8.68598506      0.7366129      0.70606452      3.00851613
INR1      4.9086      -75.8972      -9.69601174      -38.86032514      -0.74872651      0.8503871      0.72648387      3.23725806
BBAF      -45.9825      -71.7029      0.75687972      6.47198696      3.18933537      0.6756129      0.89477419      2.71990323
RDEO      -18.9016      -66.7681      6.02017849      13.63203129      -4.09974213      0.84829032      0.78667742      3.72754839
GOUR      -14.5092      -49.1436      9.9233836      -41.2567812      -0.17744756      0.77245161      0.67054839      2.98358065
AUTF      -54.8395      -68.3036      9.544115      14.40805209      2.36746316      1.26173333      1.83283333      6.38076667
LLCH      -28.1903      -71.0815      -78.36537276      -65.15313428      -0.8437248      0.86209677      0.88380645      3.71567742
VPOL      10.7938      -74.8608      -12.81523461      -19.72615431      0.36345902      0.84106452      0.70493548      3.22696774
UBA1      -23.5002      -45.1189      10.1171672      -9.39503261      0.8311784      1.13664516      1.16551613      5.68877419
COEC      0.7161      -77.787      -9.37166187      -22.27954417      -5.60248881      1.56208      1.49184      7.42344
CHYT      -18.3708      -70.3421      -36.66967178      -34.63888861      -4.24120901      0.76677419      0.70990323      3.098
UYSA      -31.3752      -57.9598      6.50705772      -37.13359025      -10.8142811      0.8383871      0.9396129      3.79819355
GOJA      -17.8833      -51.7261      0.48330473      0.81562805      -7.77424977      0.77545161      0.71558065      3.22845161
25MA      -37.7719      -67.7156      18.63995389      -31.29057731      3.77597844      0.69070968      0.82925806      2.88332258
SAN0      12.5805      -81.7157      4.4528146      0.9806849      2.12384406      0.82709677      0.71616129      3.26451613
ACP1      9.3714      -79.9499      29.28326164      17.70767563      5.62524799      0.8655      0.73082143      3.41260714
NESA      -40.1054      -64.454      3.31664141      -8.84307619      -3.62892786      0.67683871      0.84958065      2.78645161
UNSJ      -31.5413      -68.5771      7.09165923      5.98632483      -1.39274942      0.70258065      0.76874194      2.92464516
MGMT      -18.7241      -47.5238      15.32214082      -54.59638216      3.68299055      1.70284      1.3662      7.10832
MPL2      -38.0058      -57.5713      2.31856579      -10.15278658      -0.87130546      0.70668966      0.85137931      2.95155172
BN15      -18.4789      -70.3213      3.50383738      4.0086175      -3.89471017      0.99224138      0.92603448      4.49041379
MTSR      -12.5452      -55.7274      4.2160962      -16.32684968      -7.64320731      0.77129032      0.67129032      3.01667742
YEMA      -24.2807      -61.2365      10.32661013      -27.66506834      -8.09567576      0.86609524      0.87285714      3.58661905
PCCL      -18.4577      -70.1067      23.35840331      24.92732202      -4.04934979      0.81441935      0.7573871      3.26477419
UYCO      -34.463      -57.8354      6.97960922      -37.10259371      -5.44569719      0.84783871      0.98616129      3.84664516
TOGU      -11.7467      -49.0491      -1.29754318      0.72879851      8.13344119      0.77132258      0.65932258      2.91580645
JVGO      -25.1197      -64.1249      -0.85105457      -34.55644176      -6.36865826      0.74225806      0.74345161      3.10312903
ROGM      -10.7842      -65.3306      -3.56820356      34.21261697      -20.37895378      0.77406452      0.67841935      2.94954839
LCUZ      -13.5204      -71.9593      11.51879483      30.22168232      -8.96822618      3.2177      2.5071      10.34033333
LAYA      -13.1537      -74.2061      10.38901364      20.99750753      -4.86755849      1.65107143      1.42114286      6.70857143
LHYO      -12.0424      -75.3214      17.34733589      27.67313949      -5.7352617      1.38952941      1.179      5.37582353
BN11      -45.572      -72.0686      -0.71761182      -4.79030549      -1.17864488      0.79245161      1.09993548      3.59790323
ITAI      -25.4207      -54.5883      16.51716918      -53.49147179      1.77599867      0.81310345      0.81551724      3.49548276
CIFU      -25.6526      -70.647      -142.79251522      -97.12028309      9.83049942      1.09903226      0.91422581      4.55151613
ZPLA      -38.9064      -70.0669      15.99681332      -46.37647505      2.36891107      0.7813125      0.9546875      3.135375
CHPG      -22.6823      -45.0024      7.97803767      -29.50701219      -1.025622      0.8036129      0.75590323      3.37690323
SAGA      -0.1439      -67.0578      -0.32151513      4.65961181      -3.30806513      1.11025806      1.19519355      5.91054839
LARJ      -29.4145      -66.8507      -3.9382304      -35.79642635      0.84324636      0.71193548      0.76564516      2.99258065
MABS      -7.5338      -46.0397      -4.67751152      4.04619597      8.28597221      0.99070968      0.90893548      4.76612903
RIO2      -53.7855      -67.7511      6.22797108      13.38556769      0.10710499      0.67258065      0.96009677      2.79512903
SPBO      -22.8525      -48.4323      6.62541984      -20.73831642      0.41573777      0.89954839      0.828      4.246
NOY1      -32.3837      -59.7949      3.47689896      -46.82419589      -10.47753246      0.70893548      0.78745161      3.04845161
CBAA      -22.7464      -68.4481      25.80632865      25.2433132      -1.60283038      0.754      0.72332258      3.07109677
SOCM      -24.4546      -68.2952      -0.65129393      0.32864416      -0.89299518      0.87351613      0.85274194      3.89390323
BCAR      -37.7612      -58.3011      1.45262929      -4.78020835      -4.77433651      0.98846154      1.21369231      4.23192308
MGUB      -18.9192      -48.256      -4.38375055      4.71533278      9.18918923      1.77809091      1.42386364      8.21281818
UYLP      -34.6557      -54.1421      5.699115      -28.0990034      -0.44846581      0.8077931      0.9582069      3.61382759
UNPA      -51.648      -69.2087      -3.0995959      -13.79974387      4.52467458      0.63283871      0.90267742      2.64145161
CGTC      -20.1771      -70.069      -14.91457696      -8.46901241      -4.02557162      0.74816129      0.70745161      2.97951613
SL01      -33.1564      -66.314      2.15133647      -1.80289323      -3.01937165      0.69090323      0.78103226      2.84232258
SPTU      -21.9291      -50.4924      7.60652392      -32.08574312      -9.12117247      0.75383871      0.72048387      3.12590323
AREQ      -16.4655      -71.4928      8.84170189      14.20460067      -2.27984827      1.37674194      1.15574194      6.12806452
MTV2      -34.9136      -56.1763      8.8538046      -39.71279603      -2.91311388      0.71709677      0.84632258      3.10790323
RSPE      -31.8024      -52.4176      2.94405589      -11.64559797      -2.8421921      0.69412903      0.78845161      2.92135484
BRAZ      -15.9475      -47.8779      -4.78338414      15.58641728      -4.02511578      0.84106452      0.76403226      3.632
GGPA      -0.1804      -78.5937      17.45125352      25.60025877      -0.07397822      1.61446429      1.58210714      7.86514286
TAVA      -26.853      -65.71      -8.9515253      -23.07062371      -6.71102729      1.41151613      1.47587097      7.22193548
MZRF      -34.6124      -68.3315      22.37994291      -45.01004111      -16.85942936      1.38473684      1.55378947      6.58531579
TEN1      -0.99      -77.8164      -5.75406008      15.3770818      -4.62605618      0.81803226      0.71332258      3.121
LIEC      0.7946      -78.3609      -5.94926089      -31.27956858      0.24088544      0.82      0.72846667      3.17163333
CHOY      -34.8981      -60.0194      7.20447508      -36.23014178      -6.81183556      0.71806452      0.83535484      3.11329032
SPBP      -22.9256      -46.5345      6.27424509      -39.87747927      -4.15059166      0.91203571      0.86060714      3.77807143
CJNT      -23.0275      -67.7606      24.35699115      34.25897169      -4.04021531      0.8335      0.81794444      3.52994444
COR5      -19.0003      -57.6296      16.08062016      -51.3664566      -2.61514683      0.72985714      0.69121429      2.94364286
CUC1      7.9323      -72.5128      -4.11680569      -7.64031605      2.85182389      0.92677419      0.80732258      3.6506129
POAL      -30.074      -51.1198      -2.95687996      13.11993985      -1.62670423      0.77432258      0.83935484      3.30651613
UYRO      -34.001      -53.5548      0.83434448      -6.30987492      -1.60386472      0.83165217      0.96830435      3.75621739
PEJ1      -35.8063      -61.8946      -3.97179876      5.4353052      -9.61030536      1.36862069      1.52862069      6.22893103
IRSC      -52.8574      -71.5699      -19.34864038      -43.30919983      8.35229605      0.65309677      0.94222581      2.78341935
BN02      -23.6685      -70.405      1.53161069      -0.01448864      0.71320005      0.8473      0.80693333      3.54093333
SPLI      -21.6652      -49.7337      6.59584243      -34.74908379      -10.07661392      0.828      0.78658065      3.52541935
MABA      -5.3624      -49.1223      3.80601953      6.40192678      -2.32285364      1.00680645      0.89387097      4.151
MSDR      -22.1941      -54.9304      7.13937124      -27.70508769      -5.2952661      0.7443871      0.72893548      3.10041935
LCOR      -27.4671      -58.831      -3.77230538      17.18289299      -3.38658225      1.16661111      1.19727778      5.18
CHZO      -1.4668      -78.7757      -22.14292915      71.25196013      -11.3502521      2.9825      1.84      10.733
PUIN      3.8512      -67.9033      -0.58625542      2.65424773      -4.79492404      0.77841935      0.69025806      2.95751613
FOSA      -26.1913      -58.1708      8.50298145      -51.3519923      -18.50255891      0.71725806      0.74016129      2.99583871
JRGN      -23.2889      -70.5749      45.6433847      31.01770504      -4.34977941      0.75777419      0.73845161      3.097
UYSG      -32.6174      -55.8436      6.56123719      -33.57574482      -5.68290113      0.79309677      0.90032258      3.4803871
UYTD      -30.9463      -57.5245      8.46380335      -33.90823512      -6.58903313      0.81790323      0.90458065      3.66716129
ESMR      0.9346      -79.7244      10.88028357      8.38004285      -2.88529522      1.12883871      1.00445161      4.82406452
TPYU      -44.4209      -72.6481      -7.4416455      -25.58859202      0.68769952      1.48722581      2.04951613      8.48680645
SPPI      -22.703      -47.6236      -5.35398763      14.25662528      -2.83451808      1.8558      1.6424      8.9612
SPFR      -20.5106      -47.3866      10.92910965      -38.75462853      -4.35182434      0.75067742      0.71345161      3.06167742
PAJA      -40.6611      -72.1274      -16.27736799      -25.89724522      6.60390274      0.80316129      0.99048387      3.49183871
ATJN      -19.3008      -70.1368      15.20656286      19.69404918      -1.29448629      0.829      0.74064516      3.32019355
AREV      -16.4655      -71.4928      18.98476621      31.71540705      -3.53755855      0.7573871      0.68812903      2.96435484
BELE      -1.4088      -48.4625      -6.16809448      14.52533585      -3.84553558      0.89251613      0.82006452      3.60109677
COLO      -22.1674      -67.804      16.31526152      20.26217957      -1.50836502      0.82719355      0.80974194      3.53274194
ILHA      -20.4278      -51.3434      2.61875144      -0.4856551      -11.54020879      0.74803226      0.70748387      3.06019355
IQQE      -20.2735      -70.1317      -1.11712942      2.71597118      -4.86991161      1.28906452      1.07667742      5.453
PRCV      -24.9628      -53.4663      3.01937473      -15.65741144      -5.34381255      0.73712903      0.74048387      3.07454839
MRCG      -26.8353      -69.1302      -37.98718811      -24.77960946      -2.00259883      0.90783871      0.90458065      3.9196129
RODE      -30.2094      -69.1312      -7.59305968      -46.83502829      -6.33881961      0.82866667      0.9059      3.69596667
PEBA      -33.9458      -60.5625      8.01205773      -36.10928959      -7.98364935      0.7196129      0.86445161      3.22477419
SAJA      -30.5747      -59.9288      6.32327794      -44.9536057      -13.17342386      0.71712903      0.81477419      3.13119355
PTRE      -18.1943      -69.5743      20.62371192      30.57414375      -2.53068432      0.81590323      0.75493548      3.30580645
MNMI      -19.1314      -69.5957      3.99125443      -7.37085649      -1.74483979      1.04183871      0.99319355      4.60167742
GUAY      -31.8691      -59.0262      1.21262182      -14.55599434      -9.27665632      0.7448      0.83246667      3.07843333
SNLR      1.2925      -78.847      17.35957052      14.77071309      6.74816302      1.80133333      1.60859259      8.05203704
GOGY      -16.6647      -49.2547      7.46594817      -30.14823121      0.35940712      0.80196774      0.72406452      3.26167742
SVIC      -26.9937      -54.4875      -1.69063839      10.93388466      -7.90755625      0.72870588      0.75423529      3.09005882
SRZN      5.4556      -55.2031      -10.24361561      30.48896002      1.39820827      0.90745161      0.80019355      3.45793548
SPJA      -21.2411      -48.2867      1.10125708      -8.0967744      -3.97219434      0.84429032      0.79212903      3.66825806
SMAR      -29.7189      -53.7166      -3.75680928      18.03873813      -3.34878309      0.73048387      0.79096774      3.08312903
PMEC      8.4883      -80.3287      -54.04230605      -34.20859237      3.91957287      0.93710526      0.78468421      3.75863158
JBAL      -27.5844      -65.6227      2.929931      -4.68637006      -3.0370945      0.72980645      0.77503226      3.06841935
3ARO      -38.3821      -60.2742      6.92965624      -26.40765097      -4.20579157      0.67558065      0.83841935      2.83777419
CORD      -31.5284      -64.47      4.47049231      -24.20631947      -5.84418357      0.88258065      0.9056129      3.77970968
MGIN      -22.3186      -46.328      -2.59846768      2.15590007      -0.30441384      0.75190323      0.72429032      3.08912903
POLI      -23.5556      -46.7303      0.96271312      8.41535893      -9.88358167      0.87348387      0.81287097      3.82745161
TTAL      -25.4207      -70.4258      10.58478632      6.9073352      1.13152447      0.98616667      0.996      4.189
URUS      -17.9528      -67.1144      16.40306098      41.75892662      -9.4897247      0.81383333      0.7401      3.54063333
MTCN      -13.5558      -52.2714      -6.70118219      3.64202528      2.32649736      0.84183871      0.70567742      3.35754839
LPGS      -34.9067      -57.9323      -0.3622036      12.15944924      -7.01089819      1.16519355      1.22374194      5.51264516
APS1      -0.0595      -51.1665      13.59697645      -42.76198815      -7.23614118      1.01106452      0.89029032      3.96606452
TTUW      10.6395      -61.3991      -41.98064205      -43.31254505      -9.97353183      0.804      0.70087097      3.06680645
MTSF      -11.6193      -50.6635      -16.44086257      49.67771854      -2.6143175      0.77990323      0.66783871      2.99480645
UYTT      -33.2413      -54.3804      5.3236468      -35.766721      -1.46634287      0.79267742      0.91222581      3.47619355
SCFL      -27.5994      -48.5195      7.74678165      -30.55385796      -6.75845279      0.76558621      0.78537931      3.309
AMCO      -4.872      -65.334      9.37109881      -19.54953194      -20.75825059      0.92425806      0.8076129      3.78258065
MSCG      -20.4409      -54.5407      -1.32133911      41.90631712      -26.38534078      0.84759259      0.77496296      3.63203704
CN45      10.8371      -60.9383      19.19074951      18.04458623      2.94497992      0.9173871      0.73870968      3.5783871
SPS1      -23.4792      -47.4168      13.21475619      -42.93454662      -5.10506581      0.74574194      0.72487097      3.07074194
CONS      -35.331      -72.4121      4.07672251      2.42890582      3.67197184      0.69403226      0.80351613      2.8836129
MTCO      -10.8039      -55.4563      -12.03892832      36.32790647      -2.35205475      0.80867742      0.71690323      3.26780645
UNSA      -24.7275      -65.4076      5.26481295      13.99961389      -4.73613355      1.42964516      1.1033871      5.54587097
MZAR      -33.1951      -68.467      3.41376641      -49.73826188      -6.67780942      0.79061538      0.90538462      3.34503846
UYRV      -31.7724      -54.6881      5.42165803      -25.87929745      -3.46197966      0.84451613      0.91858065      3.76516129
PATH      -20.8208      -70.1527      -96.55652622      -69.37588659      -9.11727751      0.83680645      0.784      3.72374194
CHEP      9.1706      -79.1045      -43.08595678      -29.50824151      2.3639831      0.90745      0.7676      3.5933
TTSF      10.2767      -61.4655      9.9888795      -32.90396218      4.1422664      0.79677419      0.68351613      2.99532258
QUEM      -0.2371      -78.4973      12.87012387      39.39615998      3.14004345      2.04977273      1.62313636      8.03918182
IGM1      -34.5722      -58.4393      -3.87479973      15.55844456      -3.84520655      0.78848387      0.89312903      3.59948387
SRLP      -36.6216      -64.2804      12.63473941      -4.44697015      4.65882449      0.75948387      0.88122581      3.29570968
CN41      8.9435      -68.0415      7.59350504      -18.77381305      6.91656286      0.93451613      0.77696774      3.95874194
CAEP      -25.9569      -60.6217      3.61563759      -41.88371406      -2.49876127      0.76446667      0.7878      3.3215
UAPE      -20.243      -70.1413      -34.80063402      -22.8295553      -3.98204462      0.90632258      0.81919355      3.78787097
SJRP      -20.7855      -49.36      -4.84445273      10.54011969      -7.52763548      0.88825      0.80575      3.585
UYPA      -32.2912      -58.0672      2.47003056      -14.01505289      -4.96903504      0.79116129      0.89503226      3.45832258
KOUG      5.0985      -52.6398      5.6306439      -19.23804137      -5.90006566      0.82629032      0.73080645      3.10854839
SJSP      -23.2071      -45.8617      7.08674723      -30.84110718      -5.9479262      0.92751724      0.85713793      4.65065517
TAM3      -27.5938      -70.2346      -53.08831478      -52.66966817      -3.90074996      0.9236129      0.90419355      4.7616129
AMUA      -3.0918      -60.0182      5.66170692      -20.9174542      -32.06349717      0.87248387      0.78029032      3.40764516
RECO      -29.1464      -59.6644      6.63596425      -30.5168532      -11.38747009      0.72267742      0.78241935      3.05912903
CRZL      -29.1016      -71.4097      -28.35522871      -29.86095231      2.68041739      0.8326129      0.86296774      3.53209677
CN28      8.6251      -79.0337      -3.09363678      -3.94896201      3.64084082      0.87387097      0.73712903      3.49154839
ABRA      -22.722      -65.6973      -10.86324794      -15.87531934      -2.00090151      0.78377419      0.74890323      3.24406452
RSAL      -29.7894      -55.7688      5.2924823      -23.8849548      -6.76021643      0.71154839      0.7816129      2.96858065
PAZU      -26.1479      -70.5987      -80.15796186      -51.96360059      4.85247194      0.92735484      0.96251613      4.41758065
SPFE      -20.2629      -50.2287      6.18354904      -25.43915531      -8.4742555      0.753      0.70674194      3.10667742
LBOA      2.8338      -60.6946      -15.81845112      45.22458112      -38.90890333      3.668      2.384      12.302
EESC      -22.0049      -47.8992      5.47952345      -20.1598803      -5.95181461      0.79035484      0.74370968      3.37203226
MGUE      -35.7774      -69.3979      23.81257957      -25.50819645      -1.17049651      0.67164516      0.80016129      2.79345161
MTLE      -15.5538      -54.2825      13.92962609      -49.99140042      -14.18174637      0.7644      0.69766667      3.10033333
CN39      10.2065      -70.5237      3.11222464      1.97165484      -4.63644818      0.82458065      0.69896774      3.12887097
SCAQ      -26.3938      -48.7374      8.37276107      -30.86843993      -4.62253777      0.79935484      0.80893548      3.43658065
PICR      -10.4302      -45.1732      13.3290068      -35.63056485      -2.99297153      0.90625806      0.82135484      3.56332258
VIMA      -32.42      -63.2415      6.05134601      -27.742132      -8.99097122      0.77887097      0.8376129      3.43054839
UYAR      -30.4117      -56.4907      6.30372192      -34.58993966      -6.75481321      0.85537931      0.92965517      3.83331034
IMPZ      -5.4918      -47.4972      -8.62691959      16.89203133      -2.71413279      0.79506452      0.72603226      3.1713871
UYSJ      -34.3237      -56.7091      7.0118474      -33.55163498      -2.55608526      0.80722581      0.93577419      3.57990323
KOUR      5.2522      -52.806      -5.13176915      11.08844541      -11.0575453      1.06283871      0.88577419      4.21780645
PNAT      -51.6792      -72.5036      -23.497876      -33.22239489      -3.45914649      0.65174194      0.93996774      2.73977419
MTG1      -15.8753      -52.3121      15.26241298      -55.0861739      1.52260979      0.91222222      0.79792593      4.78348148
UYLA      -34.3628      -55.2488      7.55849346      -34.06616198      -0.78900221      0.82022581      0.94583871      3.65880645
VMAG      9.2867      -74.8473      -4.56666728      -7.14936517      -1.44772291      0.79064516      0.6643871      2.94003226
UBE1      -18.8895      -48.317      -21.47107525      56.20964657      7.90077387      1.941      1.5655      9.08583333
MZAE      -33.2548      -68.1501      6.40708472      11.95923171      -0.3503382      1.09832258      1.16132258      5.14748387
PPTE      -22.1199      -51.4085      -3.39352122      16.87768464      -5.12133758      0.91006452      0.85745161      4.03006452
MSP1      -22.6216      -55.6089      11.82512869      -48.11097912      -10.55275555      0.714      0.71071429      2.92325
AGGO      -34.8737      -58.1399      8.81756941      -41.13553871      -5.10324697      0.74074194      0.82770968      3.19283871
RGDG      -53.7858      -67.7515      -8.67925452      -28.43550875      1.81644173      0.64264516      0.92183871      2.72822581
FUTF      -43.1905      -71.8484      4.01404868      -32.30112144      8.05090161      0.90337931      1.23227586      4.10282759
LPIU      -5.1699      -80.6393      -139.33363406      26.20450162      -2.16484411      2.13258333      1.64741667      7.78408333
MGRP      -19.2099      -46.1326      1.89079449      -10.42295304      4.98552973      0.74951613      0.695      3.00216129
ROCD      -13.1223      -60.5439      -7.56795795      31.80893832      -7.95293426      0.78187097      0.67577419      2.9983871
SCCH      -27.1376      -52.5995      3.15995692      -1.89323556      -0.67054776      0.81767742      0.83790323      3.76164516
LVRA      -22.5179      -66.3056      5.25284813      8.37137437      0.8390362      0.83654839      0.79135484      3.52296774
MTJI      -11.4487      -58.7236      10.22217955      -32.60264674      -10.12655076      0.81274194      0.73164516      3.22977419
CHAC      -27.4204      -58.9597      2.85320799      -10.54726715      -5.36961735      0.72777419      0.77009677      3.08832258
SURI      -18.8538      -69.1434      -38.75276262      -67.32051209      -8.04926401      1.227      1.172      5.993
OVLL      -30.6037      -71.2039      103.9182322      56.18220738      1.26231513      0.81022581      0.86751613      3.4526129
NAUS      -3.0229      -60.055      -0.99900402      12.8769928      -36.62248673      0.831625      0.73266667      3.22579167
AREG      -16.4654      -71.4929      -19.68025131      -26.17304605      -0.94881289      0.77951613      0.69319355      3.06622581
AEDA      -20.5462      -70.1777      16.67906337      16.41202891      -2.36234071      0.85106452      0.78329032      3.68306452
IFSC      -27.5944      -48.5421      9.90982545      -43.03459866      -6.45594583      0.87122581      0.81480645      3.88403226
MTNX      -14.6975      -52.3492      4.21939742      -16.07567678      -7.50272551      0.75958065      0.66864516      2.97145161
RIOB      -9.9655      -67.8028      -0.84241054      8.62228033      -8.47810842      0.84012903      0.73764516      3.27496774
ROJI      -10.8639      -61.9597      -0.06491847      4.03737651      -14.67785      0.78396774      0.6716129      2.99209677
UYRI      -30.8958      -55.5591      7.33765846      -36.0681477      -6.28687748      0.82533333      0.9022      3.6292
APLJ      -0.822      -52.5156      12.53144521      -40.69784183      -12.42985181      0.82944828      0.7427931      3.15051724
PATA      -40.7967      -62.9894      6.14154259      -25.86290571      -1.45209286      0.66393548      0.84332258      2.72464516
GTA1      -20.5657      -70.1807      -82.55052895      -66.18398438      -1.00481575      0.7796129      0.75577419      3.25151613
CHMA      -37.374      -70.2769      22.41122598      -34.32928874      -4.08245159      0.91970968      1.05174194      4.1366129
PAAT      -3.201      -52.1813      -15.764519      42.51043269      -18.4274602      1.08465517      0.981      4.89758621
VBCA      -38.7008      -62.2692      2.68387842      13.8498895      -5.08371029      1.0086129      1.14364516      4.38574194
BCH1      -41.1468      -71.2989      -5.29375055      -37.71658411      3.31591594      0.69864516      0.88870968      2.86541935
CONE      -0.66      -78.4137      3.68886295      13.34442836      -4.86171884      0.87983871      0.74577419      3.5883871
PRGU      -25.384      -51.4876      0.18811244      -4.32657704      -3.65949716      0.84863333      0.81513333      3.93
MZAU      -33.736      -69.1184      4.05762844      -10.94467443      -9.42947668      0.69167742      0.78319355      2.83835484
UYFS      -33.516      -56.8869      7.56955447      -31.33712677      -0.02818337      0.79564516      0.9176129      3.53616129
AMTE      -3.3457      -64.7067      10.88160653      -32.49032145      -31.28317374      0.97458065      0.88329032      4.19883871
CHIM      -39.1637      -66.1465      16.14133675      -39.63986888      0.11924883      0.67635484      0.84009677      2.81370968
UYMO      -34.8883      -56.2599      5.62157937      -27.6778073      -3.8526574      0.77670968      0.90832258      3.38722581
